wes_palettes <- list(
  BottleRocket1 = c("#A42820", "#5F5647", "#9B110E", "#3F5151", "#4E2A1E", "#550307", "#0C1707"),
  BottleRocket2 = c("#FAD510", "#CB2314", "#273046", "#354823", "#1E1E1E"),
  Rushmore1 = c("#E1BD6D", "#EABE94", "#0B775E", "#35274A" ,"#F2300F"),
  Rushmore = c("#E1BD6D", "#EABE94", "#0B775E", "#35274A" ,"#F2300F"),
  Royal1 = c("#899DA4", "#C93312", "#FAEFD1", "#DC863B"),
  Royal2 = c("#9A8822", "#F5CDB4", "#F8AFA8", "#FDDDA0", "#74A089"),
  Zissou1 = c("#3B9AB2", "#78B7C5", "#EBCC2A", "#E1AF00", "#F21A00"),
  Darjeeling1 = c("#FF0000", "#00A08A", "#F2AD00", "#F98400", "#5BBCD6"),
  Darjeeling2 = c("#ECCBAE", "#046C9A", "#D69C4E", "#ABDDDE", "#000000"),
  Chevalier1 = c("#446455", "#FDD262", "#D3DDDC", "#C7B19C"),
  FantasticFox1 = c("#DD8D29", "#E2D200", "#46ACC8", "#E58601", "#B40F20"),
  Moonrise1 = c("#F3DF6C", "#CEAB07", "#D5D5D3", "#24281A"),
  Moonrise2 = c("#798E87", "#C27D38", "#CCC591", "#29211F"),
  Moonrise3 = c("#85D4E3", "#F4B5BD", "#9C964A", "#CDC08C", "#FAD77B"),
  Cavalcanti1 = c("#D8B70A", "#02401B", "#A2A475", "#81A88D", "#972D15"),
  GrandBudapest1 = c("#F1BB7B", "#FD6467", "#5B1A18", "#D67236"),
  GrandBudapest2 = c("#E6A0C4", "#C6CDF7", "#D8A499", "#7294D4"),
  IsleofDogs1 = c("#9986A5", "#79402E", "#CCBA72", "#0F0D0E", "#D9D0D3", "#8D8680"),
  IsleofDogs2 = c("#EAD3BF", "#AA9486", "#B6854D", "#39312F", "#1C1718"),
  FrenchDispatch = c("#90D4CC", "#BD3027", "#B0AFA2", "#7FC0C6", "#9D9C85")
)
  
  
  
color_subclones <- c('hub015_prerad_a.a' = "#f5de90",
                     'hub015_postrad_a,a' = "#f5de90",
                     'hub015_prerad_b' = "#F21A00",
                     'hub015_postrad_b'= "#F21A00", 
                     'hub015_prerad_a.b' = "#E1AF00", 
                     'hub015_postrad_a.b' = "#E1AF00",
                     'hub197_prerad_a' = '#35274A', 
                     'hub197_postrad_a' =  '#35274A', 
                     "hub197_prerad_b" =  '#0B775E',
                     "hub197_postrad_b" =  '#0B775E',
                     "hub197_prerad_c" = "#E1BD6D",   
                     "hub197_postrad_c" = "#E1BD6D", 
                     'hub183_prerad_a' = "#C6CDF7",
                     'hub183_postrad_a' = "#C6CDF7", 
                     'hub005_prerad_a.a'= "#046C9A", 
                     'hub005_postrad_a.a' = "#046C9A", 
                     'hub005_prerad_a.b' = '#809aa6',
                     'hub005_postrad_a.b' = '#809aa6', 
                       'hub005_prerad_b' = "#D69C4E", 
                     'hub005_postrad_b' = '#D69C4E', 
                     'hub106_prerad_a'= "#E6A0C4", 
                     'hub106_postrad_a'= "#E6A0C4",
                     'hub106_prerad_b' = "#7294D4", 
                     'hub106_postrad_b' = "#7294D4", 
                     'hub106_prerad_c'= "#D8A499", 
                     'hub106_postrad_c'= "#D8A499", 
                     'hub062_prerad_a' = "#FD6467",
                     'hub062_postrad_a' = "#FD6467", 
                     'hub062_prerad_b' = "#5B1A18", 
                     'hub062_postrad_b' = "#5B1A18", 
                     'hub062_prerad_c' = "#F1BB7B", 
                     'hub062_postrad_c' = "#F1BB7B" 
                     )



color_subclones_manual <- c('HUB015 a.a' = "#E1AF00", # yellow, largest clone pre
                    'HUB015 b' = "#F21A00", # red, one cell pre, quite some cells post
                     'HUB015 a.b' = "#f5de90", # sandyellow small del in chr4
                     'HUB197 a' = '#35274A', # purp
                     'HUB197 b' = "#E1BD6D", # sand
                     'HUB197 c' =  '#0B775E', #green
                     'HUB181i a'= '#F98400', # orange
                     'HUB181i b' = "#5BBCD6", # blue
                     'HUB183 a' = "#C6CDF7", # purple
                     'HUB005 a.a'= "#046C9A", # darkblue
                     'HUB005 a.b' = '#809aa6', # greyblue
                     'HUB005 b' = '#D69C4E', # brown
                     'HUB106 a'= "#E6A0C4", #pink # smaller clone
                     'HUB106 c'= "#D8A499", #brownpink
                     'HUB106 b' = "#7294D4", #blue
                     'HUB062 a' = "#FD6467", # pinkish red
                     'HUB062 b' = "#5B1A18", # darkbrownish 
                     'HUB062 c' = "#F1BB7B" # lightorange 
)


